```plaintext
3.1 保险费的交纳
合同的交费方式和交费期间由您在投保时与我们约定，并在保险单上载明。您应当在每个保险费约定交纳日（见8.9）交纳保险费。

3.2 保险费金额
本合同的首期保险费将在保险单上载明，后续各期的保险费按以下公式计算：
续期保险费=首期保险费x（1+3%）^(t-1)，t为对应的保单年度（见8.10）数。
依照上述公式，您的每个保单年度的保险费都比上一个保单年度的保险费高3%。

3.3 宽限期
分期交纳保险费的，在交纳首期保险费后，如果您到期未交纳续期保险费，自保险费约定交纳日的次日零时起60日为保险费交纳的宽限期。宽限期内发生的保险事故，我们仍承担保险责任，但在给付保险金时会扣除您欠交的保险费。
如果您在宽限期内未交纳保险费，则本合同自宽限期满日的24时起效力中止，但本合同另有约定的除外。

7.3 投保年龄
投保年龄指您投保时被保险人的年龄，以周岁（见8.14）计算。

7.6 年龄性别错误
您在申请投保时，应将与有效身份证件相符的被保险人的出生日期和性别在投保单上填明，如果发生错误按照下列方式办理：
(1) 您申报的被保险人年龄不真实，并且其真实年龄不符合我们规定的投保年龄限制的，我们有权解除本合同。对于解除本合同的，本合同自解除之日起终止，我们向您退还本合同终止时的现金价值。对于本合同解除前发生的保险事故，我们不承担给付保险金的责任。我们行使合同解除权适用“我们合同解除权的限制”的约定；
(2) 您申报的被保险人年龄或性别不真实，致使您实交保险费少于应交保险费的，我们有权更正并要求您补交保险费。如果已经发生保险事故，在给付保险金时按照实交保险费和应交保险费的比例给付；
(3) 您申报的被保险人年龄或性别不真实，致使您实交保险费多于应交保险费的，我们向您无息退还多收的保险费。

（每10,000元基本保险金额所对应的保险费）
保险期间：30年
单位：元
信美相互互联网青春保2号定期寿险费率表
20年交 30年交投保年龄
（周岁） 男性 女性 男性 女性
18 5.32 2.52 3.58 1.69
19 5.65 2.69 3.80 1.80
20 6.00 2.87 4.04 1.93
21 6.38 3.07 4.30 2.06
22 6.79 3.29 4.57 2.21
23 7.23 3.54 4.87 2.38
24 7.71 3.81 5.19 2.57
25 8.23 4.13 5.54 2.77
26 8.80 4.48 5.93 3.01
27 9.44 4.87 6.36 3.28
28 10.16 5.33 6.85 3.58
29 10.97 5.84 7.40 3.93
30 11.89 6.42 8.03 4.32
31 12.93 7.08 8.74 4.77
32 14.10 7.81 9.53 5.26
33 15.41 8.63 10.42 5.82
34 16.87 9.55 11.42 6.44
35 18.49 10.58 12.52 7.14
36 20.28 11.74 13.75 7.92
37 22.27 13.03 15.11 8.80
38 24.47 14.48 16.62 9.79
39 26.90 16.11 18.30 10.90
40 29.60 17.92 20.17 12.14
注：
1. 上表给出的保险费是年交方式下的首期保险费；保险费分期交纳的，首期保险费按以下方式进行调整：月交首期保险费=年交首期保险费×0.088。
2. 续期保险费=首期保险费×（1+3%）^(t-1)，t为对应的保单年度数。

（每10,000元基本保险金额所对应的保险费）
保险期间：至被保险人60周岁
单位：元
信美相互互联网青春保2号定期寿险费率表
20年交 30年交投保年龄
（周岁） 男性 女性 男性 女性
18 9.62 5.06 6.47 3.40
19 9.82 5.17 6.61 3.48
20 10.01 5.28 6.74 3.55
21 10.20 3.07 6.87 3.62
22 10.38 5.50 6.99 3.70
23 10.57 5.61 7.12 3.77
24 10.75 5.72 7.24 3.85
25 10.94 5.84 7.37 3.92
26 11.12 5.95 7.50 4.00
27 11.31 6.06 7.63 4.08
28 11.50 6.18 7.76 4.16
29 11.70 6.30 7.89 4.24
30 11.89 6.42 8.03 4.32
31 12.08 6.54
32 12.26 6.66
33 12.44 6.77
34 12.60 6.87
35 12.75 6.98
36 12.89 7.07
37 13.01 7.16
38 13.12 7.25
39 13.20 7.32
40 13.25 7.37
注：
1. 上表给出的保险费是年交方式下的首期保险费；保险费分期交纳的，首期保险费按以下方式进行调整：月交首期保险费=年交首期保险费×0.088。
2. 续期保险费=首期保险费×（1+3%）^(t-1)，t为对应的保单年度数。

（每10,000元基本保险金额所对应的保险费）
保险期间：至被保险人65周岁
单位：元
信美相互互联网青春保2号定期寿险费率表
20年交 30年交投保年龄
（周岁） 男性 女性 男性 女性
18 12.77 7.06 8.60 4.74
19 13.09 7.24 8.81 4.86
20 10.01 5.28 9.02 4.99
21 10.20 7.61 9.23 5.11
22 14.01 7.80 9.44 5.24
23 14.33 5.61 9.65 5.37
24 14.65 8.18 9.87 5.50
25 14.97 8.38 10.09 5.64
26 15.30 8.58 10.31 5.77
27 15.64 6.06 10.55 5.92
28 15.98 6.18 10.78 4.16
29 16.34 9.23 11.03 6.21
30 16.70 9.45 11.27 6.36
31 17.06 9.68 11.52 6.52
32 17.42 9.90 11.77 6.67
33 17.78 10.13 12.02 6.83
34 18.13 10.35 12.27 6.98
35 18.49 10.58 12.52 7.14
36 18.83 10.81
37 19.17 11.03
38 19.50 11.25
39 19.81 11.46
40 20.10 11.67
注：
1. 上表给出的保险费是年交方式下的首期保险费；保险费分期交纳的，首期保险费按以下方式进行调整：月交首期保险费=年交首期保险费×0.088。
2. 续期保险费=首期保险费×（1+3%）^(t-1)，t为对应的保单年度数。

（每10,000元基本保险金额所对应的保险费）
保险期间：至被保险人70周岁
单位：元
信美相互互联网青春保2号定期寿险费率表
20年交 30年交投保年龄
（周岁） 男性 女性 男性 女性
18 17.15 9.97 11.54 6.70
19 17.62 10.25 11.86 6.89
20 18.09 10.54 12.17 7.08
21 18.56 10.84 12.50 7.28
22 19.04 11.14 12.82 7.49
23 19.54 11.44 13.16 7.69
24 20.04 11.76 13.50 7.91
25 20.55 12.09 13.85 8.13
26 21.08 12.42 14.21 8.35
27 21.63 12.76 14.58 8.59
28 22.19 13.12 4.97 8.83
29 22.76 13.48 15.36 9.08
30 23.35 13.86 15.77 9.33
31 23.95 14.24 16.18 9.59
32 24.56 14.63 16.60 9.86
33 25.17 10.13 17.03 10.13
34 25.80 15.42 17.46 10.40
35 26.43 10.58 17.90 10.68
36 27.06 16.24 18.35 10.96
37 27.70 16.66 18.80 11.25
38 28.33 17.08 19.25 11.55
39 28.97 17.50 19.71 11.84
40 29.60 17.92 20.17 12.14
注：
1. 上表给出的保险费是年交方式下的首期保险费；保险费分期交纳的，首期保险费按以下方式进行调整：月交首期保险费=年交首期保险费×0.088。
2. 续期保险费=首期保险费×（1+3%）^(t-1)，t为对应的保单年度数。
```

